-9.588449 5.324001 -2.061442 5.765638
-9.036111 5.003840 -1.797443 6.007360
-5.750064 -9.762745 6.830501 -4.937113
-5.154206 -8.587990 7.643426 -5.003521
-8.478405 2.788031 -7.505245 -5.828835
-9.144301 4.045841 -2.306578 5.707072
-4.954187 -7.952117 8.520616 -4.498808
-9.811933 5.003179 -1.883070 5.951435
-9.447108 4.063103 -2.630984 6.694047
-7.695785 2.596250 -7.065263 -5.134040
-4.729437 -9.134858 8.531580 -5.324965
-10.213679 3.798585 -2.199030 6.280344
-8.927150 3.020921 -7.739585 -4.270817
-8.315872 2.999233 -8.017545 -6.011423
-9.271087 5.244878 -2.693216 5.075396
-7.961081 2.792813 -8.071863 -5.232682
-3.392682 6.866038 3.015698 1.174723
-7.833536 1.648768 -7.432001 -5.114114
-8.243672 4.194585 -1.679610 6.900290
-3.282350 6.576410 2.668426 0.889566
-2.815544 6.759329 3.955041 0.501063
-4.632683 -8.513107 7.975462 -6.712960
-10.091330 4.071417 -2.784144 5.991103
-3.444567 5.634192 5.067524 0.555983
-8.376242 2.675287 -8.467254 -5.216810
-3.545997 6.646622 3.159377 1.232860
-3.081234 7.313512 3.318241 0.919852
-9.056701 4.515805 -1.752562 4.544025
-2.345778 7.812875 3.678330 0.182772
-3.248147 6.251734 3.609357 0.501281
-4.747653 -9.631330 6.987536 -6.252490
-8.112892 2.062318 -9.147625 -5.935583
-9.241946 5.118432 -2.215765 6.672841
-8.427391 2.442004 -7.647448 -5.352671
-6.489610 1.562462 -7.372691 -5.203437
-7.618127 2.739325 -7.297447 -5.415958
-5.576759 -9.506914 6.995261 -6.285198
-8.345469 1.703267 -8.223806 -4.879730
-10.444002 5.638175 -1.993221 5.550653
-8.909520 2.616447 -8.548527 -4.986021
-8.813914 2.081383 -7.265655 -5.605071
-3.467431 6.993407 3.042109 1.231497
-9.123382 4.287102 -2.355167 6.456877
-3.257752 7.591750 3.997938 0.761695
-5.435814 -8.626247 6.536439 -5.286824
-5.516186 -9.792671 6.719993 -5.547574
-7.129611 2.637229 -7.357301 -5.940753
-3.627294 6.624984 2.430781 0.735047
-7.976495 2.353744 -7.918584 -5.321669
-9.100659 4.895179 -2.019366 6.765056
-3.261639 6.862615 2.275946 0.321399
-5.566029 -8.648951 7.847382 -4.496043
-9.444428 3.948926 -1.515850 6.271370
-9.618305 5.301795 -1.822069 5.818366
-4.075244 7.183850 4.048914 1.053518
-9.021132 4.605874 -2.769111 7.009113
-10.001858 4.475123 -1.093054 6.232307
-2.057250 7.719489 2.688213 1.065010
-6.445473 1.573705 -7.346565 -5.765089
-9.735230 4.184043 -1.830965 6.192631
-10.633212 5.004840 -2.820285 5.929688
-5.026757 -8.742409 7.246070 -4.967492
-2.267331 7.150212 3.219758 -0.269442
-8.570073 5.069720 -0.871495 5.942128
-9.258683 3.688394 -1.230708 5.799639
-5.197591 -8.809832 7.184636 -5.481715
-3.515422 -8.384635 7.331712 -5.493676
-6.537827 1.810265 -7.960284 -5.721978
-8.816264 4.546917 -1.910070 6.185977
-3.820873 5.445948 2.415993 0.637302
-7.557898 2.297671 -6.496823 -4.943434
-3.150458 8.255975 3.416981 1.080341
-7.341075 2.073695 -7.386658 -5.683255
-4.583141 -8.575167 7.433220 -5.301065
-5.540120 -7.834565 6.835445 -5.702774
-2.913990 7.515285 2.026611 1.155417
-4.211120 -9.145397 6.680555 -4.939711
-4.798147 -9.125988 7.318884 -5.641958
-6.163858 -8.974160 7.058140 -5.656902
-8.049438 2.139147 -6.268272 -5.456185
-3.782330 8.211772 4.736949 0.944863
-2.325148 6.160783 3.933611 1.274527
-3.734408 7.228435 3.779741 0.150210
-7.757676 1.731541 -7.586383 -4.980816
-7.621008 2.142188 -7.444372 -4.693848
-8.922177 3.629119 -1.903614 5.813852
-9.781450 4.704903 -2.879667 5.254133
-3.786217 6.975852 3.677856 1.410137
-7.334844 1.782515 -8.251845 -4.887310
-7.590168 1.686228 -6.956077 -5.555826
-5.650655 -9.714358 6.925556 -5.658497
-8.614865 4.700085 -1.701467 5.274602
-3.013724 7.248579 2.276054 1.921780
-5.686183 -8.934216 7.516201 -5.701203
-5.426506 -8.463376 7.161693 -5.779241
-7.725728 2.356575 -7.721280 -4.172121
-4.564281 -8.863383 7.189699 -4.845841
-2.347198 7.580997 3.015218 1.322786
-6.024247 -8.160416 7.108538 -5.302526
-3.460168 7.990008 3.355475 0.328481
-3.519031 8.085710 2.187096 0.862585
-8.519011 4.592978 -2.406631 5.676261
-7.167490 2.962705 -6.492076 -5.216040
-7.599033 2.465324 -7.017958 -5.233529
-2.537345 6.525758 3.367778 0.273718
-7.690484 2.084833 -5.993965 -5.427677
-3.170072 7.890503 2.978955 1.283191
-7.268053 2.562580 -7.439542 -5.233360
-4.106605 7.491721 3.039491 1.360737
-9.858743 4.949544 -1.669900 5.930449
-4.350733 -9.115240 7.554536 -4.716561
-9.783923 4.644442 -1.606869 5.794976
-3.823058 -9.488646 6.971618 -5.454041
-10.293789 4.059964 -2.238632 6.291885
-8.949332 2.243804 -7.422321 -5.251698
-7.575733 1.447147 -7.051723 -5.166187
-5.495522 -9.702459 7.889785 -5.232682
-3.484205 6.699929 3.387477 0.441065
-4.998897 -7.455386 8.309840 -5.821074
-7.601218 2.112636 -6.620300 -5.080333
-2.924869 7.823707 3.009940 2.561349
-5.462738 -8.482860 8.190116 -4.832117
-7.576703 1.067418 -7.105267 -4.446523
-8.372987 2.381710 -7.636519 -4.594117
-2.937428 7.832974 2.645651 0.561509
-6.429686 2.016766 -7.482268 -5.493506
-9.305705 4.889389 -2.679915 4.990512
-4.606460 -8.295329 7.698086 -5.139461
-10.307746 5.268875 -2.059847 5.500024
-2.991601 7.775665 3.242691 0.572766
-9.684307 4.719251 -2.782114 5.894064
-7.461965 2.683654 -8.176908 -4.703498
-9.040926 5.012299 -3.877641 5.871623
-4.745922 -9.034566 7.593112 -6.158431
-9.572659 4.684632 -1.644838 6.720081
-4.219368 -9.888655 6.928834 -5.387246
-7.640750 2.068300 -6.377219 -4.836721
-4.456110 7.660943 4.130414 1.361861
-9.185895 4.455145 -1.584229 5.654816
-6.966179 2.790324 -6.835303 -3.828432
-3.643113 8.049557 2.810129 0.248592
-5.001069 -10.087514 7.493306 -5.431797
-3.704714 6.736030 2.618546 -0.232922
-7.754448 2.047092 -6.832445 -4.603736
-3.580311 7.310494 3.241775 -0.415152
-3.229231 5.904928 3.633331 1.210272
-4.262130 8.166395 3.428401 1.161530
-8.734421 3.776570 -3.335531 6.935026
-9.292610 4.840864 -1.113434 5.220877
-8.982964 4.675896 -2.192963 6.118583
-5.131670 -8.855198 8.282650 -4.925818
-9.756780 4.800937 -2.104367 4.596585
-5.160953 -8.058406 8.500496 -6.208147
-9.773652 4.768631 -2.376382 6.522724
-4.326122 -8.862783 6.551349 -5.627079
-3.964877 7.049164 3.039769 1.293438
-3.841213 -9.136038 8.455004 -5.529222
-8.055882 1.832569 -7.725717 -4.633118
-4.426593 -8.660095 7.806944 -5.601341
-7.729989 1.850307 -7.267227 -4.561826
-3.217489 6.024093 2.569572 1.153124
-7.066537 2.779119 -8.597697 -6.099677
-8.700106 1.664079 -7.036434 -5.262796
-7.711776 2.896325 -5.829262 -5.988284
-4.359432 6.899312 3.867369 0.917941
-3.283629 7.012556 3.519913 1.700551
-3.558052 6.679727 2.973754 1.426568
-8.898311 5.250057 -1.900522 6.429530
-8.297310 5.189143 -3.065534 6.797325
-9.918070 4.395686 -2.442559 5.976439
-4.748004 -8.680145 7.605480 -5.665480
-4.777292 -9.013288 6.455164 -5.696004
-8.164153 4.201007 -1.617009 5.515395
-9.580645 5.348512 -2.259674 6.130008
-2.861808 8.047948 3.890107 1.103093
-10.098773 4.961634 -1.039834 5.559352
-3.223813 6.586217 2.399390 0.300345
-4.984822 -8.248798 6.955706 -6.253831
-3.919701 -8.895845 6.992900 -5.155622
-6.128443 3.086592 -6.724439 -5.162380
-8.323516 3.934805 -1.941666 6.352627
-6.959406 1.973484 -7.133051 -4.485790
-4.624913 7.976343 3.168679 0.846961
-9.577710 3.535268 -1.515338 6.152969
-3.174077 7.937838 2.868851 1.698096
-3.946094 7.579373 3.801661 0.337848
-8.750284 4.018450 -2.172785 6.072752
-8.093732 2.480890 -7.091582 -5.739636
-7.666242 2.711840 -7.396969 -4.854843
-6.805284 2.841516 -7.314243 -5.135944
-4.171057 -9.404011 7.005003 -4.535927
-3.123935 6.553713 3.645131 1.230532
-5.052867 -8.435117 8.304888 -4.948799
-4.363760 -8.390328 7.709038 -6.743379
-8.350748 2.154479 -8.030402 -4.846844
-4.447202 -8.758305 7.020580 -6.777197
-3.566512 7.391667 3.023466 1.045560
-4.856656 -9.170567 8.081832 -5.469285
-3.675655 -8.586496 7.445308 -4.907097
-6.944142 2.287906 -7.341101 -5.163946
-5.346711 -9.522420 7.303383 -5.207259
-4.709446 -8.323958 8.430933 -5.525720
-7.860414 1.401796 -7.524844 -4.884686
-9.781155 3.658524 -1.443256 6.005268
-3.917743 6.585846 3.424636 1.655238
-7.677463 0.863753 -7.850150 -4.867148
-7.781879 2.293638 -7.564176 -4.192778
-4.899910 -9.200277 7.005603 -5.981424
-9.614443 4.556672 -2.118913 6.252169
-5.529241 -7.984275 8.511559 -4.519956
-8.938305 3.686393 -3.424713 5.069538
-3.648037 7.598617 2.145750 1.437039
-8.487532 2.725420 -6.942821 -5.242027
-4.088910 -9.870963 7.107387 -5.189737
-4.039930 6.588974 4.454534 0.846552
-7.664888 2.379979 -7.489249 -5.613767
-7.350104 1.501471 -6.267547 -4.736380
-9.095594 4.727052 -2.299997 5.526106
-6.789044 1.200912 -6.262998 -5.558844
-8.355333 4.459089 -2.124863 5.772935
-7.187834 2.756535 -7.708071 -5.003449
-4.754339 -9.581237 6.925614 -5.125779
-9.534897 5.048687 -1.446738 6.494692
-3.282990 6.937730 2.505388 0.345818
-10.387960 3.936364 -2.331542 6.422802
-5.924316 -8.625353 7.046045 -4.845076
-6.070821 2.278132 -7.576318 -6.086464
-4.572447 -8.565445 7.992786 -5.530382
-8.510605 5.314779 -1.998328 6.191421
-9.491238 4.166665 -2.103646 6.885200
-2.679800 7.197483 4.082026 2.152770
-5.463488 -9.512784 6.731337 -6.038963
-9.743065 3.940386 -1.735897 6.296746
-7.899890 2.612341 -8.543858 -5.283025
-8.634681 3.233106 -2.544175 4.952356
-6.475569 2.412217 -7.752497 -6.086500
-6.340876 -8.471828 8.250280 -5.971985
-3.443431 7.067350 4.075870 2.214753
-3.244102 7.549911 3.611156 0.091526
-9.724137 3.856447 -2.201012 7.212615
-4.432113 -8.732667 7.932859 -5.197477
-5.430537 -9.555797 6.858153 -4.594113
-3.424525 6.556734 2.505335 0.683067
-5.411540 -9.803129 7.521817 -5.244964
-3.327871 7.083838 2.481099 0.875731
-5.563272 -10.121394 6.952135 -6.307427
-5.569082 -9.359591 7.115033 -5.562095
-3.667568 6.775241 3.036626 0.211556
-3.361519 6.859964 4.108413 0.034230
-3.135251 6.640229 3.253115 0.848177
