-9.118533 -7.755630 -6.629109 3.297202 7.930982 2.796198
-0.545689 -3.472691 -0.135073 -7.242457 -4.335946 -1.202417
10.646108 0.770130 -3.459582 -7.911661 -0.227461 1.342875
11.645034 1.557773 -4.843699 -8.405838 -1.384419 -1.190041
9.810295 0.112354 3.117683 -4.520459 8.185779 2.689669
9.863871 -1.399941 1.065272 -5.131739 10.245112 2.647818
-8.398310 -6.374275 -7.238752 2.541844 8.321889 3.885360
-8.143229 -6.974286 -7.693347 2.892089 8.517672 3.034823
9.668014 -1.792789 3.206802 -2.839178 8.745611 3.053582
-10.136041 -6.080586 -7.592687 4.724486 6.973601 2.186904
-8.411671 -6.861011 -7.505701 3.339263 8.468766 2.939324
-0.638817 -4.547612 1.260529 -7.658307 -6.267719 0.348815
-1.082050 -3.442066 0.832124 -7.738006 -4.736958 -0.528544
9.557636 0.030412 -5.198200 -8.418910 -1.171185 -0.090630
-1.681075 -4.508487 -0.505061 -7.929600 -4.574375 -1.144794
10.952758 -1.919165 2.206657 -4.420307 8.778297 3.396173
-0.758224 -4.553237 -0.318121 -8.200492 -5.903781 0.148582
11.073955 0.467518 -4.493735 -8.229377 -1.660629 0.575590
-1.958016 -5.420110 -0.951971 -7.543353 -5.488162 -1.173673
-10.598835 -7.067956 -7.040901 2.392557 8.214194 2.683464
9.872876 0.179676 2.879177 -3.418427 9.988346 2.045732
9.559978 -0.358604 2.719353 -3.727261 9.741871 3.512316
11.281949 -0.921028 1.807266 -5.274533 9.993768 3.117753
-8.747841 -5.708896 -7.036093 2.952044 9.262022 2.535367
9.035409 1.879683 -4.522800 -7.431481 -1.553872 -0.260398
-6.189827 -7.451668 -7.015323 2.737691 8.081738 2.854562
-2.039031 -2.219508 -1.445926 -7.137571 -4.682478 0.167039
9.132647 -1.512392 3.342580 -3.854772 10.153690 2.652626
8.900445 0.521850 -3.625703 -8.128267 -2.702626 0.322795
-8.065245 -6.196335 -6.754311 1.360852 8.317028 3.964830
11.020463 -0.179127 3.310729 -3.820997 9.217966 3.094320
-0.630118 -4.952100 -0.003224 -8.562811 -6.306598 -1.240345
11.261688 0.442499 1.260805 -5.760703 8.470559 2.918369
-1.858192 -3.784257 1.567783 -9.313614 -5.383223 0.732381
11.236058 1.520755 -4.601746 -8.503729 -0.718241 0.437139
9.997230 1.371317 -3.497575 -9.900659 -1.868601 -0.831449
-9.872909 -7.804533 -6.675619 3.151521 8.044169 2.953712
10.280776 -0.018153 2.474465 -3.429023 9.753019 3.795506
-9.326189 -7.955217 -7.596742 2.334739 6.687651 3.445202
-1.213701 -3.669498 1.512824 -6.154678 -5.623752 -0.122294
-1.123438 -3.465150 -0.232169 -7.037386 -5.660330 -0.568595
-10.403565 -7.487368 -8.953260 3.913458 6.957199 2.433287
-0.455316 -3.126433 -0.296814 -7.092158 -4.846767 -1.507981
9.807727 -0.001254 3.805788 -4.085021 10.241528 3.620354
10.677405 1.973405 -4.622547 -9.289546 -0.629299 -0.097739
-0.749437 -4.558754 0.745067 -7.218225 -4.299100 -0.816410
-1.812137 -3.943545 -0.727977 -7.969321 -3.898206 -0.157540
-9.350614 -6.327946 -7.939326 1.682840 7.631962 2.287948
8.501351 1.156823 -3.169963 -5.972588 -0.553874 -1.124747
-9.247678 -8.181503 -8.921776 2.062019 5.289061 2.751167
-8.761595 -6.918054 -7.521459 2.748865 6.867913 3.850402
8.494035 0.683388 -4.540429 -10.110785 -0.075510 -0.062692
9.943203 1.953320 -4.303604 -8.323062 -0.811609 -0.725366
10.096192 1.102843 -4.158550 -7.771509 -1.191851 0.428022
-8.483687 -5.726512 -7.365739 2.480521 7.485679 2.544610
-9.198582 -8.390238 -7.545737 2.941488 7.373915 2.101500
-9.219053 -6.995847 -6.959879 2.262957 7.780847 2.487842
10.981369 1.884363 -5.062904 -8.963735 -0.219778 -0.544079
8.939870 -1.081903 3.420321 -4.277370 9.898326 4.089735
10.118029 -0.893137 0.913502 -4.053417 9.897503 3.566066
-1.321931 -4.540700 -0.151860 -8.153258 -4.744281 -0.834236
10.095365 -0.013638 2.238992 -3.580475 10.643720 3.241130
-10.726390 -6.979497 -8.383024 1.741299 7.077345 3.727983
9.338173 1.277488 -3.941272 -8.823647 -0.929197 0.502411
-8.772084 -6.890593 -8.578075 2.352732 7.246377 3.450680
-9.600881 -6.735738 -5.947379 2.728627 6.776636 2.909116
10.959122 1.367373 -3.421719 -9.552935 -0.289793 -0.018169
-7.720150 -5.657577 -6.908214 3.460116 8.420792 4.269385
-8.527845 -6.527532 -8.636106 0.917834 6.844831 2.793452
-1.089835 -3.738075 0.977021 -8.686510 -4.262131 -0.513669
10.511870 1.511641 -4.818710 -9.373731 -1.508653 -0.461714
-9.776543 -8.029171 -7.851478 3.156493 5.710581 1.954142
9.251837 1.245298 -4.479854 -8.419934 -1.217745 0.577117
-10.431232 -6.755661 -7.306667 2.710839 7.472266 4.771246
-7.302141 -6.082875 -7.913071 3.039573 7.461596 3.828369
0.299130 -4.363523 -0.056610 -7.883841 -6.332362 0.440315
-8.877831 -6.887023 -5.893161 3.914928 6.756610 3.073836
-0.415797 -4.278820 -1.506947 -8.401677 -5.224574 0.154686
-8.380168 -8.046738 -7.555815 1.961982 6.808609 3.289578
-1.986273 -4.280079 0.583590 -7.561068 -5.656518 0.190641
-1.932590 -4.883817 1.051839 -9.041815 -4.157903 1.306665
-0.631652 -3.641362 1.569383 -6.339469 -5.571505 -1.418420
9.372857 -1.423983 2.887121 -4.282627 9.427687 4.399665
10.183264 1.302907 -4.600102 -8.596080 -1.723545 -0.162558
-1.550624 -3.948305 1.986314 -6.509327 -5.513744 -0.166881
-8.382709 -7.160224 -7.024509 2.721762 6.919934 3.190327
-8.908487 -6.787628 -7.685102 4.590163 8.368470 3.560750
8.782713 -0.163986 2.297917 -3.953209 10.467898 4.645611
-8.990849 -6.889466 -7.230515 2.017823 5.941782 2.732291
-8.075877 -6.661215 -6.934238 2.120261 9.051716 2.525859
-1.216484 -5.182430 1.357814 -7.529947 -5.715636 -0.112116
8.636516 1.222395 -4.053499 -8.675026 -2.262968 -0.614289
10.022138 0.871487 1.217989 -3.538497 9.140574 2.987397
9.730185 0.223605 -4.229828 -9.714827 -0.171248 -1.284285
-1.700235 -3.214203 0.599036 -7.702457 -5.038890 -0.843664
-2.102246 -3.861396 0.647021 -7.437519 -5.651895 -0.457929
-8.732857 -6.203094 -6.495311 2.296581 6.710072 1.881689
8.630270 -1.361507 0.726359 -4.230695 9.221486 2.940127
10.183303 -0.545809 1.808670 -5.050975 10.977974 2.135467
10.117598 -2.053888 2.407784 -3.833074 10.553405 3.576440
-2.704360 -6.003422 0.436738 -8.591784 -5.855393 -1.204470
-0.892481 -4.945960 1.708922 -8.160288 -6.451337 -0.614881
-9.460481 -6.667262 -6.692513 1.539055 6.469992 3.211254
-1.486931 -3.661643 0.371728 -10.049353 -5.006202 -0.342497
-0.751549 -5.052788 0.131493 -6.888583 -5.495970 -1.162448
10.021930 -1.666335 2.790760 -4.778687 10.132768 5.119961
-7.848835 -6.249516 -7.986811 3.569241 7.332491 1.954320
10.929592 2.736711 -5.302138 -9.222539 -2.808747 -1.510098
-0.464127 -2.896137 -1.338972 -7.590210 -5.233601 -1.043329
-1.081516 -3.448274 -0.591239 -8.933097 -5.269745 -0.420086
9.355484 -0.427403 1.792457 -4.307057 9.911951 3.053182
10.747701 -0.069170 2.914575 -4.615105 10.480304 2.562029
-1.316667 -5.750572 1.404375 -8.364724 -5.403222 0.524811
-8.396101 -8.364286 -7.430645 3.213039 5.298100 4.169265
11.078079 0.093279 -3.329009 -9.109758 -0.995024 -0.804801
-1.214746 -4.265801 -0.471185 -7.141116 -4.482590 1.090373
-8.988422 -7.815686 -6.468940 3.708067 7.302514 1.990564
-9.793093 -5.400385 -7.945297 1.575586 7.947129 2.500054
9.580793 2.401688 -4.844622 -9.180458 -0.893170 -0.547490
10.303640 -0.779336 2.321705 -4.563395 10.496167 3.634520
10.627656 0.720830 3.395967 -3.260166 9.248662 3.017019
-0.586219 -3.224153 0.270399 -7.081386 -4.248954 -0.240815
-1.587391 -4.111074 -0.296222 -7.599530 -5.531171 -0.775779
10.822388 0.653226 -3.989747 -8.043683 -1.256833 -1.181310
9.255667 0.873388 -5.500634 -8.670654 -0.207167 -1.616047
10.586641 0.294509 -2.721788 -9.130232 -1.134471 -1.786319
9.872958 1.026026 -4.158881 -7.203614 -0.979920 -0.652777
-1.845122 -2.928408 -1.326220 -9.179233 -4.806920 -2.342253
-8.698413 -8.157041 -9.556563 3.664853 7.047613 3.540579
-1.695256 -5.299999 0.011453 -8.542615 -5.853446 -2.178417
10.489965 0.585323 -3.608196 -8.231667 0.170710 -1.838632
9.100938 -2.652788 1.889899 -4.685792 10.085832 4.970161
9.808254 -0.490982 1.560547 -4.940764 9.398939 3.015147
10.218709 -0.978448 2.625855 -4.126135 9.671676 2.910630
9.107324 -0.325939 3.659908 -3.113878 10.518652 3.749192
-0.255826 -4.813994 0.469646 -7.803559 -6.517961 0.390982
-8.068042 -6.230029 -7.080875 2.088519 8.776513 3.990519
9.373739 -2.123961 2.827447 -4.887414 8.630073 2.770583
10.111047 1.386032 -3.261182 -6.186223 -1.662653 1.623774
-1.435091 -3.550964 -0.367411 -7.420270 -5.250557 -0.318839
-9.432177 -6.970923 -6.779740 1.524531 7.908676 4.784978
-7.758927 -7.286570 -7.722758 3.232358 8.116112 3.440638
-0.625732 -5.149740 -0.259849 -7.750316 -3.661029 -0.847733
-10.638940 -5.680214 -7.777877 2.397270 6.103505 3.378394
-1.780542 -3.411962 0.979403 -7.596386 -4.520320 -1.027775
-8.134322 -6.171768 -7.957436 3.538995 7.784721 1.787539
9.631592 -1.577360 2.194410 -3.970904 9.771241 1.873189
9.010968 1.339574 -5.332619 -7.855065 -1.276113 -1.427347
9.143152 -1.141698 2.981109 -4.775018 11.363220 3.577040
10.453725 1.523625 -4.449933 -8.616300 -1.561468 0.507768
-0.982754 -4.510773 -0.385981 -7.612685 -5.983409 -1.256924
10.016438 0.205334 1.932861 -5.206967 9.520083 3.044854
10.528524 1.083584 -3.919509 -8.558678 -1.597443 0.369490
9.886922 -0.036266 -3.763754 -8.930577 -1.062342 -0.759441
-0.875278 -4.420192 -0.441098 -7.471697 -5.367596 -0.929085
10.258899 2.186459 -3.298620 -9.507809 -1.679674 -0.353970
8.912584 -0.779031 2.322667 -4.596816 9.026471 3.498695
10.359744 0.163775 2.546274 -3.290209 9.920043 3.065925
9.858018 -1.067669 4.095548 -3.500139 9.330985 2.610238
9.329278 0.176362 -4.730270 -8.732450 -0.737179 0.750823
9.283033 0.170999 3.102563 -3.282252 8.607162 4.098202
-1.132509 -3.230238 0.622711 -8.929224 -5.715159 -1.205917
-1.476588 -5.045884 1.004160 -7.933564 -6.727127 -0.156502
9.860657 -0.453336 2.566771 -3.591312 10.215514 3.203950
10.113032 -0.259124 3.280832 -4.656334 9.524155 4.060727
-9.023200 -6.435892 -7.859566 2.350800 6.595254 4.513133
9.647417 2.068670 -4.155249 -8.387012 -2.080159 -2.254838
-8.990074 -6.917299 -9.108107 2.240315 7.673208 3.093798
-2.232684 -4.325342 -0.087552 -8.405507 -5.400399 0.718342
-1.251171 -5.396329 0.659525 -7.273780 -6.903792 -0.556390
-8.640280 -5.438029 -7.091536 2.015675 7.199122 2.203066
-0.574567 -5.301715 1.214682 -7.598686 -6.274483 0.681676
-1.272516 -5.016189 -0.811161 -8.252172 -5.885688 1.021122
10.495187 1.482864 -4.995207 -8.407490 -1.649079 0.944691
-7.738548 -6.949139 -8.165139 2.680756 8.224678 3.671239
-1.799643 -4.729894 0.322057 -7.029149 -5.457731 -1.831198
-8.740476 -6.586031 -7.526416 2.724820 7.053984 3.154244
9.016082 -0.532356 -4.395572 -9.200969 -1.323703 -2.316540
-1.369482 -5.406061 0.422520 -7.771291 -5.279542 -1.249818
-9.715558 -7.826804 -7.299944 2.673012 7.727431 3.632959
-9.310588 -7.762478 -6.953431 2.490625 8.515440 2.898030
8.416148 -2.074873 3.053434 -2.957196 9.520514 2.989632
-8.116443 -6.981981 -6.910226 2.827238 5.330656 2.976284
10.588852 0.309120 -4.253376 -7.993302 -2.666139 -2.706693
9.217840 0.452896 1.946045 -6.331936 7.893371 3.692577
-8.205726 -6.359692 -8.397032 1.791809 6.523947 3.877613
-0.846616 -3.071843 1.178167 -7.377921 -5.136386 -0.104193
10.227973 -0.112206 -3.275205 -9.904162 -1.005268 0.864323
-1.405958 -3.494537 0.665637 -6.457453 -5.993274 1.287321
-9.207037 -8.090123 -8.227819 4.001887 6.316513 2.975751
10.867635 1.012007 -4.172053 -8.334778 -1.757499 0.022699
0.181374 -3.482044 0.304370 -8.554605 -5.948374 0.181902
-0.163097 -4.664048 0.891609 -8.058843 -5.800406 -0.592589
10.093840 -1.970614 3.512727 -3.556462 9.618672 3.873342
9.792410 0.651361 -3.940647 -8.384902 -0.919089 -2.552371
10.270301 -1.038377 3.298737 -4.788367 8.165666 2.079610
-8.674951 -5.775891 -7.905798 2.165064 6.796118 3.810718
9.376171 0.263735 -3.765377 -7.469299 0.035120 -0.267880
-1.995296 -4.238375 -0.166750 -7.981169 -6.625126 0.296532
-2.095529 -4.103527 0.970537 -7.326987 -6.637097 0.348938
9.556948 1.273073 -3.456092 -7.464449 -0.471813 0.980027
-1.798142 -4.051196 1.322611 -7.497406 -4.961011 0.648915
-1.109501 -4.179610 0.523748 -8.561803 -5.705950 0.619364
-9.073934 -8.367357 -6.134758 2.798567 6.846478 3.273478
8.366417 1.394794 -5.492849 -8.518638 -0.948871 -1.053967
-2.447488 -3.872457 -0.854575 -8.368900 -5.720110 0.837269
9.246864 -0.298969 1.337089 -5.096873 10.345295 1.864541
-1.009012 -3.079238 1.393182 -6.515307 -4.547223 -2.480204
9.039605 -0.020365 -4.540567 -8.196767 -1.880524 -1.005263
8.973299 0.793923 -5.718349 -6.360655 -1.301477 -2.189064
10.928049 0.972070 -4.599131 -9.161739 -2.481788 0.274431
10.290740 -0.393179 2.450883 -2.991345 8.438138 1.709634
9.333842 0.587624 -4.810789 -8.826599 -2.170477 -0.255501
10.254893 -1.853862 2.567247 -3.357010 11.224246 2.665585
-9.847481 -7.917017 -8.370579 4.096317 7.662702 4.278661
10.419967 -1.506999 1.582190 -3.293040 9.053051 2.745257
11.519283 1.932542 -3.650892 -7.818705 -0.160028 -1.579544
-1.613683 -3.233065 0.719195 -6.753791 -4.777970 -0.182975
-2.417781 -3.286517 0.679325 -7.382991 -6.084437 0.129933
10.314696 0.047018 -5.317662 -10.041273 -2.493122 1.104855
9.079058 -0.382755 2.478019 -3.680828 8.955179 3.625393
9.292771 -0.948400 1.897980 -4.620563 8.615384 4.241369
-0.216410 -5.891218 -0.235300 -9.156690 -5.236561 -1.228495
10.707323 0.776707 -4.183585 -9.018977 -1.691757 -0.884387
9.859797 0.340610 3.550039 -4.063107 9.676047 4.122546
10.460714 1.301448 -4.394340 -9.259303 -0.861649 -1.500064
9.525290 1.694290 -5.121680 -7.736461 -1.040327 0.404504
9.482710 -1.697174 1.447631 -3.860173 8.783001 3.840254
-1.181695 -1.890125 -0.445677 -7.659847 -4.381302 1.381678
-0.760093 -3.717528 1.093165 -9.367046 -5.873971 -0.023827
9.969034 1.401824 -4.883112 -7.150345 -1.070878 -0.764570
-8.484596 -6.156025 -7.261500 4.221997 6.484543 3.058598
-1.903131 -4.943813 0.639019 -7.361418 -5.118042 -0.562864
-0.055907 -4.572540 0.111557 -7.621248 -4.835399 1.069020
10.668077 -1.674493 2.561588 -3.917538 8.723100 2.614588
-1.984547 -2.579713 -0.261270 -10.080564 -4.890126 0.193189
8.971226 -1.486035 -4.172599 -9.448775 -0.258474 -0.708984
11.292618 1.797018 -4.210557 -8.974256 -1.048319 -0.887754
-8.938327 -5.756384 -7.914292 2.910771 6.895090 3.921867
10.407267 -1.281692 2.969736 -4.242812 9.522075 1.577007
-0.503406 -3.614999 -0.440858 -8.309872 -5.085906 0.285761
10.000016 0.371330 2.188700 -4.114925 10.401251 3.727469
-0.426533 -3.560848 1.187071 -8.496484 -6.187907 -0.961824
10.452733 0.721697 -4.224106 -8.129120 -0.935019 0.207425
10.381298 -1.332290 -4.113417 -8.324701 -1.816306 -0.441152
9.243211 1.242182 -3.183519 -7.932477 -1.296669 0.403956
-9.257599 -6.983772 -8.313390 0.916344 7.053846 3.936243
8.823130 -0.715052 1.259530 -4.173512 9.503892 3.816723
-9.397463 -5.394167 -8.891084 2.879710 6.833301 2.304903
10.757894 -0.544457 2.300989 -4.294998 9.143520 4.332066
-1.011216 -3.386054 0.602525 -7.442490 -5.636032 -0.178675
-2.192006 -4.469907 -0.428614 -8.237260 -5.943356 -1.079462
-8.888990 -6.192981 -8.856663 4.040769 7.017001 3.443826
-2.209735 -4.048793 0.177571 -7.570572 -5.134792 -1.705168
9.142927 -1.052809 2.173420 -2.389618 9.219414 3.571919
-9.647780 -6.773299 -6.040627 3.076213 6.767009 2.968987
-8.900561 -7.126527 -8.060080 3.257984 7.651655 2.865442
10.087244 -0.570115 4.011535 -3.553032 9.175999 3.530137
11.321165 -0.559305 -3.935272 -9.770137 -1.595805 -0.993074
-0.224933 -3.569423 -0.479003 -8.174126 -5.636783 -1.350627
-9.602596 -6.613238 -6.792019 3.976562 7.130442 3.441478
-9.597855 -6.556034 -7.097677 2.352188 6.397087 2.964692
10.316741 1.808192 -4.168597 -9.487117 -1.783074 -1.062636
9.078104 1.395566 -3.913474 -8.597810 -1.356014 -1.393404
-1.178234 -3.748224 -0.009350 -7.370594 -4.828996 0.065353
0.004615 -2.503522 0.298675 -8.864896 -6.842730 -0.314127
9.721274 -0.140659 1.033169 -4.246802 9.576620 3.854560
9.988156 -0.322003 1.868228 -4.584954 9.656365 2.853198
9.313561 1.423749 -4.211473 -8.593863 0.188349 0.139576
9.453619 -0.644697 2.288290 -5.195203 8.581120 3.121748
9.517195 -0.887819 2.425106 -5.056433 9.995675 2.717805
9.832131 0.988622 -4.299394 -7.653577 -0.418049 -1.930300
-0.805691 -3.831068 0.507538 -8.357176 -3.990661 0.185127
-0.629492 -5.247050 -0.741475 -9.094131 -4.509396 0.657414
8.618093 -1.410325 3.271842 -3.203478 7.259886 3.978822
-0.596506 -5.056962 0.079411 -8.649874 -5.615686 1.588079
-8.094276 -7.929951 -7.331619 2.277514 6.552867 3.227813
-0.044754 -2.874099 0.914210 -7.470857 -4.630349 -0.334231
10.801802 0.663209 -4.653365 -7.384810 -1.415098 -0.420945
1.343020 -6.661366 0.092424 -5.395352 -5.438203 -0.981670
9.987373 1.646930 -4.527210 -7.892749 -1.555777 -0.472609
9.731848 0.519256 -5.028678 -8.495983 -1.178800 -0.198998
-2.471207 -4.782503 0.376288 -8.275544 -5.334970 -0.446232
-1.144617 -4.368432 -0.058657 -8.839277 -6.031880 -0.547329
9.590461 0.674171 -4.256463 -9.764974 -0.288896 -1.006807
-9.197482 -7.519617 -8.817770 3.148575 5.488223 3.943335
8.277787 1.215410 -5.218994 -8.010869 -1.444394 0.063850
9.939395 1.082738 -5.437528 -7.999630 -2.397400 -0.657158
-9.316382 -7.347027 -9.344501 2.299112 7.074297 3.090300
10.464355 0.605637 -5.111419 -8.491365 -0.234993 -0.686468
9.691950 1.599302 -4.098181 -8.488594 -0.274623 0.057042
11.115889 -1.183854 3.761670 -5.323380 10.386492 2.319498
9.119328 0.835547 -4.096600 -6.806439 -0.095362 -0.871422
-9.057533 -8.059550 -6.391308 2.765712 7.748062 4.038801
-10.680175 -7.247817 -5.730984 1.127300 8.578144 3.557707
10.485340 -0.098910 3.052594 -3.987190 9.142515 3.125671
-9.351207 -6.749388 -6.991139 2.023319 8.490850 2.514856
-10.227907 -7.464915 -6.611810 2.179804 7.270774 3.187319
-8.759411 -6.701739 -5.887928 2.415475 7.383312 1.454151
9.363425 -0.394788 3.295738 -6.090116 9.446768 4.787590
-8.618801 -6.625892 -7.663752 3.862741 7.827324 2.580519
9.971770 -0.948753 3.373964 -4.326400 8.198292 3.432778
-8.920448 -5.528408 -8.023732 2.430075 6.937286 2.442779
-1.699094 -4.541906 0.140526 -6.275743 -6.360610 -0.257383
10.795642 -1.261398 2.094911 -3.408785 8.255561 2.812978
10.993438 -0.584057 0.788725 -5.634432 11.314621 3.427077
11.468355 0.476018 -4.842736 -7.763663 -0.169033 -0.742366
9.133779 -0.595708 1.349590 -4.014866 10.001907 1.723354
10.913359 0.487571 -4.784011 -6.496934 -2.376371 -1.988349
-2.056153 -4.283491 -1.130991 -7.878461 -5.846606 0.316273
9.509534 -0.069435 -5.369199 -8.813737 -1.357728 -1.703540
9.601040 0.290034 -4.511925 -9.404086 -0.662520 -0.812785
-9.748186 -7.836987 -7.134625 2.638261 7.134701 2.650994
9.281387 0.279076 -3.888314 -6.915053 -1.196348 -1.653691
9.472371 1.106903 -3.733671 -9.133925 -0.372695 -1.616620
9.258480 1.623814 2.833175 -3.514764 9.306511 2.678284
-1.529258 -3.755373 -1.082126 -9.595093 -6.704740 -0.263783
10.427636 -0.649761 2.026853 -5.863184 8.935337 3.331156
-0.318275 -3.675468 0.973120 -6.874696 -5.357297 -0.446310
-2.391618 -3.146788 -0.491166 -7.062342 -4.653924 0.332237
-10.001442 -7.512688 -8.480863 2.714011 6.605236 3.337532
10.233510 -0.177653 3.230765 -4.343910 10.248046 3.748625
-8.377359 -5.757684 -7.926967 1.703329 4.954610 2.590510
8.816036 -0.923309 3.068549 -4.505966 10.387679 4.128915
9.930264 0.577143 -4.766160 -8.763831 -0.185018 -1.059384
8.680585 -0.200890 -5.033780 -9.167781 -1.874376 -0.857158
-0.020006 -4.207707 0.654124 -7.666771 -4.841969 -0.456882
-8.908368 -6.900965 -7.325072 1.839921 7.249271 2.577313
11.257949 0.462554 -5.931409 -9.690600 -1.617446 -1.407755
9.936880 -0.599022 1.943871 -4.701989 10.232245 3.225484
9.069407 -0.943912 3.860304 -4.045663 9.811703 3.830567
9.687840 -0.455046 3.335519 -3.862300 10.100280 3.064588
-2.098701 -4.800269 -0.021240 -8.707275 -4.571848 -0.167611
-9.425279 -7.793640 -7.357310 2.594362 6.671636 1.035594
9.662012 -1.194196 2.506404 -3.899973 9.810134 4.031332
-8.423534 -6.601564 -7.761089 2.622897 6.491239 3.604071
-2.172496 -4.413890 -0.296815 -8.113893 -7.622465 -0.959783
9.965984 1.776622 -4.352466 -8.193305 -1.333352 -0.613900
11.082160 1.248901 -3.812225 -6.059301 -0.927862 -0.767157
9.223040 0.970149 2.213187 -4.544192 9.376862 3.995078
-1.277068 -4.284802 0.181555 -6.834137 -5.992175 0.506463
8.699267 1.284279 -3.900671 -7.080061 -2.191001 -0.779214
-8.206341 -7.148761 -8.051902 2.876340 6.716346 2.915611
-8.735239 -7.979765 -8.732582 1.847376 7.309505 3.219177
10.115208 2.109993 -5.144235 -8.227148 -1.442042 -0.651532
9.936936 0.970310 -3.629557 -8.688482 -0.280349 0.593366
10.203170 -1.820154 1.950325 -4.957326 9.877877 3.953635
10.516988 1.964095 -5.877664 -8.277175 0.342666 0.850467
-8.731615 -6.789497 -7.076879 3.643699 8.465656 3.518312
-8.955850 -7.424055 -8.200950 3.204669 6.056591 4.009061
8.827062 2.202557 -4.929169 -8.715200 -0.484078 -1.893540
8.039563 0.844983 -4.626438 -8.506807 -0.638921 -1.140044
-1.722603 -3.309179 0.992215 -7.121223 -4.815722 0.128283
9.930456 -1.052853 3.420984 -5.243348 9.774447 3.315805
-7.990951 -6.516307 -8.633124 3.470610 7.031164 1.464977
8.194059 0.449488 1.811830 -4.300809 9.402250 3.471293
9.360562 1.138141 -3.815659 -7.681913 -1.869671 -0.497033
-8.460445 -8.144729 -6.394950 4.012330 7.117036 2.262248
8.869088 0.571611 -3.472107 -8.026551 -0.950399 -0.159765
10.239561 -1.261759 2.653029 -4.385734 8.282281 3.749070
-2.945834 -5.171195 -0.950301 -7.785150 -5.415847 -1.225644
10.082630 0.172026 -5.137435 -8.615065 -0.867472 -0.734694
9.588000 -0.430091 1.313888 -3.794399 11.585163 5.640767
-1.643445 -3.798843 0.914684 -8.200564 -5.258826 -1.601875
9.467101 0.374167 2.237395 -5.358790 9.203453 4.737650
9.428009 0.651335 -4.188589 -7.990973 -1.793961 -1.216913
9.801814 3.160010 -4.985510 -7.620602 -1.142471 -1.465549
10.861161 1.440856 -3.967613 -8.228444 -2.203937 0.024469
10.447740 0.886682 -5.115605 -8.993858 -1.438108 -1.624375
9.406936 1.102201 -3.766165 -8.691922 -1.743300 -1.603627
8.985618 -0.652587 2.956764 -5.199356 9.084484 3.963657
8.957510 0.189194 2.014378 -4.853493 9.411119 2.604063
10.308316 1.694396 -3.412615 -9.025084 -2.300510 -0.919427
8.472849 -0.855775 2.310278 -4.726279 8.188169 4.275222
8.728055 -1.472120 3.307852 -3.758694 9.232177 2.951758
10.002131 -0.642520 2.453711 -4.526961 11.505691 3.459555
10.343058 0.234827 -5.395016 -9.140684 -2.080499 -0.888431
-8.999862 -7.615705 -7.847261 2.904747 8.194095 2.965327
9.824565 -0.692461 0.995663 -3.965576 9.330898 2.119772
-8.391842 -7.787095 -7.732618 3.329344 8.163427 1.928159
-9.666067 -7.066441 -7.883897 3.104974 7.212799 2.358054
8.562007 -1.300350 0.936149 -5.048625 10.036000 3.187438
10.732610 0.954336 -3.322625 -9.147594 -1.604172 -0.654611
-1.263113 -3.986177 -0.578207 -7.780295 -5.612492 -0.873453
-8.933224 -6.195852 -8.180033 3.530771 7.299145 2.771567
-9.090289 -6.820716 -6.409099 2.699528 8.281750 3.482345
-7.919584 -7.073124 -7.460473 3.364864 7.471300 2.632432
10.463516 -0.281109 -4.326215 -8.369519 -1.183280 -1.114941
-0.144989 -3.557285 1.510387 -8.103700 -4.408713 -0.254409
-0.922098 -2.786206 0.918450 -8.693903 -4.475294 1.139397
9.149759 -0.370282 1.769729 -4.697451 8.140261 2.894299
8.287811 -1.472953 1.879564 -3.629150 10.057230 2.982879
9.472802 -0.881735 1.013255 -5.086317 10.193865 3.190178
-9.133125 -7.531481 -8.279100 2.158244 5.122413 3.365183
9.212330 -0.111303 2.299343 -6.556357 7.466810 3.663446
-1.268628 -2.862274 0.132664 -6.233745 -6.206154 -1.003909
9.062807 -1.216815 2.024346 -5.634864 9.780787 2.910820
-1.045053 -5.336159 -0.708572 -9.039195 -6.488668 -0.538603
9.609028 0.161973 -3.746707 -9.264816 -1.576103 -0.218423
-7.546022 -6.089279 -8.543139 3.305655 6.228298 2.749242
9.305219 1.058069 -4.540815 -8.469113 -1.414975 -0.113921
-7.866104 -6.119973 -6.927976 1.863121 8.024126 3.346778
9.831330 0.818271 -4.966071 -8.508188 0.805549 -0.320132
9.617021 0.536947 -4.650077 -9.278359 -0.641933 -0.246377
-8.361538 -6.637254 -8.093360 2.206898 7.131789 3.838320
-9.007890 -7.311771 -7.707633 2.168443 5.443874 1.616360
-7.993980 -6.116456 -7.187976 3.026455 7.778872 2.633274
-8.832341 -7.053254 -7.505091 1.693907 7.780437 3.173209
-9.884880 -7.256226 -8.385428 2.726178 7.451129 3.824391
-8.703662 -6.764479 -7.485626 3.085750 7.082101 2.503330
10.294983 1.429308 -2.996332 -7.418561 -1.108440 -1.821901
-9.450106 -6.506289 -7.339406 2.452161 6.859962 1.558358
9.300274 -0.906319 4.249638 -4.476053 8.746856 2.670548
10.570187 0.955305 -3.425136 -7.219881 -0.784652 -1.520902
8.947435 0.025468 -3.554283 -8.313912 -1.360849 -0.864330
-1.405894 -5.544530 -0.140882 -8.074085 -5.778570 1.557389
8.408584 -0.346359 3.838782 -3.866586 9.185732 5.463267
-10.654268 -5.569712 -8.537260 1.986799 8.645845 3.537126
9.380594 1.529398 -2.572582 -9.777619 -1.490128 -0.785373
10.214347 -1.824483 0.866899 -4.990769 10.011177 2.773955
-8.060575 -7.176435 -7.747716 2.657561 6.275867 2.006086
-8.834281 -7.233710 -7.637620 1.661432 7.162031 2.943304
-9.532321 -6.978337 -8.975874 2.435945 6.958267 3.535545
-8.814977 -6.238254 -7.944834 2.106674 6.573015 3.463044
-0.586266 -5.286405 -0.500825 -6.593569 -5.156405 -1.379530
9.337548 -1.151119 -3.496531 -9.949772 -1.581440 -0.875317
10.472589 -0.778345 2.484541 -4.292136 10.233640 4.094909
9.129645 1.705471 -5.506338 -8.796265 -1.805363 -1.831937
9.110717 -0.596899 2.276443 -5.155297 9.034759 3.919858
-9.400608 -6.565139 -6.802646 2.820807 6.761407 3.036213
-2.065052 -5.232048 -1.326887 -7.095409 -5.870283 -0.442526
9.617723 0.912359 -4.331701 -7.232968 -1.853002 0.195887
-10.289376 -7.136238 -7.267208 1.840456 6.017886 3.123432
-1.440631 -3.799847 0.428436 -9.022178 -7.785835 -1.899418
-7.614351 -6.356925 -7.570199 2.346180 6.329195 1.569047
9.466891 0.280235 3.452728 -5.918427 8.993469 3.878797
-8.093196 -5.742006 -7.576377 3.278449 9.237696 3.333386
9.424214 0.089963 2.349255 -3.135248 9.045520 4.174912
8.988221 -0.641002 2.370279 -6.118464 8.929201 4.511120
11.010782 0.623915 -2.914036 -7.979608 -1.328652 -0.582610
9.642598 -1.894604 2.919099 -3.674607 10.351173 3.270181
-1.425032 -3.268576 1.430426 -8.255769 -5.944257 -1.902530
-9.175999 -5.861040 -6.998424 2.814736 6.196583 2.047393
-8.518359 -6.772504 -7.973437 1.193386 7.487887 1.979242
9.321657 0.868834 -4.733005 -8.113094 -0.151804 -1.586304
-9.066567 -7.476530 -9.467216 2.206301 6.794062 1.789420
-1.054407 -5.418275 -1.421962 -6.762271 -6.320634 -1.104386
-10.072759 -5.274436 -9.478605 1.761108 7.315164 3.367363
9.317540 -0.793375 2.253098 -5.219559 9.511808 4.512075
9.816898 0.821082 2.516867 -4.872392 10.375491 2.861162
-1.886374 -3.929531 0.616393 -6.715570 -5.805128 -1.684464
-8.515905 -6.138385 -8.374747 3.409986 6.916749 2.722217
-8.499725 -5.443289 -7.419601 1.953769 8.264741 3.256171
9.627803 1.105882 -4.138050 -8.314390 -1.468879 -1.019436
-0.292777 -3.951658 -0.175995 -8.472407 -5.023834 -0.623695
7.854514 1.762081 -4.293851 -8.111196 -0.632743 0.040228
-9.884731 -4.608108 -7.833604 2.218639 6.927178 2.003286
10.336468 -0.841381 -4.180715 -8.155821 -0.787703 -1.176520
-8.804043 -7.960007 -6.024938 1.778680 6.693956 3.962852
10.957165 0.613475 -4.123178 -8.582399 -0.949919 -1.257975
8.378276 -1.119947 2.032910 -4.956812 9.783452 4.265349
10.410224 -0.591535 1.100063 -4.058749 8.403173 1.807779
9.526172 1.198010 -4.409362 -7.915157 0.152416 -0.196891
-0.048384 -5.114913 -0.316805 -7.425385 -6.582952 -0.363825
10.367518 0.945709 -3.088329 -6.699179 -0.536315 -0.728236
10.522652 0.528508 -3.998260 -10.321441 -2.563257 -0.935679
-0.832402 -2.423045 -1.348004 -7.960375 -6.626395 -0.921579
9.779250 -1.268559 4.398964 -3.637002 10.565278 4.063752
-0.990127 -3.779617 -0.917290 -8.920467 -5.075858 -0.251466
-8.274800 -6.409406 -7.226219 2.314735 6.921695 1.245986
-1.527973 -3.431434 -0.756067 -6.308125 -4.873350 -0.489875
-8.709810 -5.809642 -8.019510 3.433641 6.375633 4.387596
9.294675 -0.124156 -4.873210 -8.188103 -2.343704 0.792399
10.899825 -1.000154 2.105635 -3.984240 8.749953 5.022187
9.204277 -0.312074 3.851661 -4.809786 10.431517 2.542096
9.121049 -0.004348 -3.351504 -8.432287 -2.583956 -0.970588
-9.228715 -6.477747 -7.747808 2.298052 6.718348 3.393372
10.015269 0.679552 -5.202474 -8.057874 -2.333167 -0.237597
-2.974883 -2.756208 1.181023 -8.340059 -5.224716 -2.027103
10.529921 1.935530 -5.697585 -9.248808 -1.885162 0.654198
10.976452 1.226050 -4.159501 -9.598142 -1.389717 -0.498048
-9.614463 -7.534192 -8.143728 0.967002 7.334169 3.905911
10.620496 -1.045674 2.958745 -4.193897 9.361954 2.790929
9.746434 0.048200 -6.079322 -8.504015 -1.028220 -0.375254
-9.338743 -5.927021 -7.489510 3.133196 6.526891 4.659832
-10.281172 -6.810162 -6.963147 2.811454 7.497724 2.855546
10.163322 -1.063153 -4.094209 -6.906703 -1.239411 -1.148292
10.652909 -1.032551 3.685089 -3.251740 9.722801 1.627784
8.812001 -1.206067 2.264331 -4.205749 9.484245 1.681271
0.395656 -4.761549 -0.561260 -7.899846 -6.653219 -0.031880
-0.796179 -3.379318 0.182607 -8.300246 -5.280045 -0.555542
9.367207 0.710269 2.192703 -5.907484 8.976896 3.176916
-8.687140 -8.156920 -8.561575 2.491758 7.033981 3.210621
9.797265 0.482229 -3.406631 -8.135186 -2.428636 -0.387669
8.785016 -1.531681 3.108447 -5.223875 10.473703 2.895261
-0.847319 -3.845611 0.682991 -7.933944 -5.059866 -0.229138
-1.284219 -3.721025 -0.556893 -7.960342 -5.320196 -0.343604
-9.155878 -7.917728 -6.371113 2.823464 8.442543 3.500175
8.548884 0.527554 3.004857 -4.234076 12.274163 2.709845
-9.773913 -6.299655 -7.436776 2.742115 6.656836 2.436997
10.218706 -0.761166 2.802918 -2.894064 10.064814 3.487905
-1.429742 -4.406518 0.711105 -8.125128 -5.522931 -0.535493
-9.521953 -5.956778 -6.797255 3.056621 8.217840 2.693991
-8.479247 -5.881731 -8.398502 2.778339 7.119170 3.410590
-1.510411 -5.117991 -1.662959 -5.750820 -5.282972 -0.844508
-10.176576 -7.973923 -8.305445 1.898222 7.475704 3.251620
-9.125041 -6.867108 -9.351575 3.643977 8.074593 1.767511
9.174002 0.101886 1.840591 -4.472635 11.014792 3.236764
-2.380304 -3.724136 -0.183105 -7.337050 -5.228777 -0.786711
10.656298 1.096207 -4.692207 -7.407521 -1.855680 -1.009379
9.402678 0.158558 1.881074 -3.622202 8.793721 4.402783
-2.117836 -3.868448 -1.419643 -7.054371 -6.099795 0.435338
8.635063 -0.106496 -4.773103 -7.898216 -0.753769 0.799223
11.420342 -1.005852 2.146007 -4.219596 9.150092 4.399308
-9.040359 -7.982591 -8.621714 3.686387 7.472679 3.893790
-0.957171 -4.542963 -0.471218 -7.726993 -5.036236 -0.950819
9.665150 -0.052574 2.454624 -4.365184 9.308984 4.546906
9.226719 -0.156685 0.894020 -5.155477 7.108738 3.768935
-8.500893 -6.750087 -7.701334 2.763315 8.513070 1.326246
-9.379189 -8.382635 -7.584913 2.815016 4.946142 3.006080
-8.678412 -7.072489 -7.846320 1.252917 6.295329 3.334846
10.406295 -1.569126 2.925334 -5.262597 10.013121 3.950824
8.947888 0.928629 3.003871 -4.735776 9.889180 2.076864
-1.504826 -3.446422 0.595777 -6.185832 -4.647159 -0.364149
9.599958 -0.456662 3.147648 -3.271087 9.369158 4.076753
-9.420479 -8.163287 -7.706667 1.964977 6.822298 3.244031
9.826822 -0.950735 -3.669728 -7.821000 -2.450987 -1.329724
10.347723 2.124481 -5.355374 -7.501206 -1.053815 -2.709333
-2.244417 -2.856333 1.989609 -7.014484 -7.473760 -0.539892
-2.094380 -4.424597 0.769782 -7.806357 -5.350678 -1.130779
9.189148 1.233839 -5.167142 -7.027566 -1.023031 -1.263292
-0.814164 -4.581024 0.198463 -8.387588 -6.487360 -1.188207
10.779884 0.593579 -2.962737 -8.711137 -2.830722 -1.112047
-0.591914 -3.422409 0.041012 -7.954581 -5.151853 -1.812762
10.703906 0.832552 -4.515324 -7.365077 -1.878321 -1.451203
9.229370 1.296688 1.898379 -3.136543 9.147427 4.485833
-1.360565 -4.316335 0.164875 -8.045853 -6.011435 0.435415
8.946331 -1.447045 3.289761 -4.325759 9.432391 3.085775
11.159349 -0.747828 3.814145 -3.916473 10.390154 4.452072
10.682681 -0.631036 2.830407 -3.974004 8.468936 5.064318
-2.052181 -4.012745 0.558685 -8.693313 -5.600163 -1.670439
10.396485 0.262187 -4.395613 -6.950129 -0.591644 -0.196708
-1.773389 -4.251489 0.871047 -7.549792 -5.753187 -0.450264
0.534448 -4.331189 0.716143 -7.846505 -4.036215 -1.024614
-2.793770 -3.412993 -0.397984 -7.102670 -4.235769 -0.003200
10.436733 -0.994403 2.167034 -4.934016 10.132521 3.355981
-10.576869 -5.956422 -7.818206 1.516308 8.329802 2.106529
9.312671 0.077357 2.598499 -3.844387 8.227452 3.119875
10.136769 1.275540 -4.876329 -8.064095 -1.705983 0.798425
-9.809186 -8.268099 -7.658239 2.719506 7.815948 3.115532
-10.458099 -6.359427 -6.911377 2.281993 6.552022 3.676017
-8.519096 -6.706589 -8.455052 2.298537 6.441468 3.384356
8.745044 0.742868 -3.811513 -8.646319 -1.770805 -0.789493
9.735609 -0.590373 3.113966 -3.713553 9.642623 1.930817
9.024986 2.089488 -4.281884 -9.314246 -1.691581 0.204913
-0.565702 -4.272476 -0.969391 -7.863732 -5.983146 -0.321470
-0.467646 -3.397840 1.214894 -6.305911 -3.849138 -0.019958
9.476729 -1.270041 1.371148 -5.103684 9.549897 3.790396
9.356961 1.773398 -5.219872 -9.548364 -2.584701 -0.958211
-1.343812 -3.723964 -1.229360 -8.932507 -5.596363 -0.543619
-1.728332 -5.298755 -0.797681 -8.609443 -5.350195 -0.444915
9.622887 0.462421 -4.568251 -8.621843 -1.515579 -1.694738
9.436258 1.195280 -4.890064 -9.392455 -0.815517 -1.928713
-9.963171 -6.649491 -6.505272 2.626827 7.152725 3.725757
-9.195909 -6.884281 -8.564074 2.555310 7.975747 5.244260
-0.146913 -3.741941 0.772264 -6.465481 -5.371960 0.551313
10.135700 -0.692641 2.553270 -5.354961 9.065510 3.605588
9.745816 0.906560 -3.816349 -8.722662 -1.495913 -0.451229
9.846572 -1.861654 1.542193 -5.523872 8.957985 3.104853
9.433788 1.948028 -4.201914 -8.466098 -2.854344 -0.748889
-0.850569 -4.043504 0.087913 -8.024140 -4.884984 -0.433010
9.328294 -0.346041 1.187592 -5.265726 10.540926 2.507568
9.333147 -1.346574 3.998400 -5.384217 9.304044 3.106499
-1.373611 -3.715728 0.856298 -8.141174 -5.515289 0.429097
9.037752 0.172943 3.104478 -3.048573 9.100934 4.607086
-1.189766 -4.646707 -1.195557 -8.030715 -6.348713 -0.793813
10.256646 -1.230154 2.367760 -4.428770 8.418452 3.338122
-1.876446 -5.350536 0.389647 -7.373449 -6.242420 0.376314
9.961119 -0.717970 2.264334 -3.281891 9.717051 3.230158
-1.894102 -4.091205 0.938846 -7.922158 -5.320388 1.817425
-9.627673 -6.780879 -8.983865 3.363660 6.941924 1.364791
-1.467787 -3.652014 0.352588 -8.719148 -4.172283 0.447636
9.634996 0.504684 1.796078 -3.912074 11.592844 2.178357
-7.971433 -6.328218 -7.396474 1.828584 7.781732 2.573351
-1.150893 -4.999419 0.361458 -7.343557 -4.278430 -0.112570
9.453412 -1.674356 3.524400 -4.485550 9.839628 3.109274
9.896710 2.005852 -4.772574 -8.527858 -0.915409 -0.945828
-1.776318 -4.935130 -0.039697 -6.801000 -5.165691 0.146106
-9.571461 -6.585605 -7.283459 3.332700 7.553493 2.568735
10.197964 0.663839 -3.818719 -9.043296 -2.071645 -0.310036
-1.071999 -4.271149 -0.597268 -8.823682 -5.465379 0.497712
-2.593004 -5.225526 -0.342903 -7.804974 -5.489098 -0.723166
-0.608012 -2.545316 -0.534803 -8.082413 -5.436984 0.776218
9.314473 -1.273489 1.910950 -5.181291 10.316104 2.129715
9.676034 -0.433906 1.180011 -3.686562 7.951788 5.574532
9.565570 -0.686083 2.979153 -3.816310 9.679528 4.039108
-8.758735 -7.910409 -7.430066 2.868726 7.974730 3.171987
-0.868478 -4.002827 -0.781323 -7.492018 -6.009377 -0.604210
9.689981 -0.539761 3.150728 -4.486969 10.128821 3.205125
-8.867703 -5.249471 -8.367477 2.508878 7.169306 3.147228
