0.096294 0.922466
1.910339 0.125658
1.594563 -0.313871
0.949423 0.442513
0.921294 -0.515119
0.035496 0.140504
-0.868755 0.562129
0.967678 0.222011
1.816543 -0.084990
0.853595 -0.466886
0.007781 0.411500
0.777337 0.565768
0.391917 -0.343360
-0.048211 0.188455
0.616054 0.875016
0.589686 0.771517
1.737514 -0.042769
1.996551 0.158887
-0.836647 0.612643
2.021646 0.357394
-0.760937 0.524380
0.895317 0.398546
0.244323 -0.007433
1.019929 -0.111805
1.782298 0.006940
0.382600 -0.195391
0.196649 -0.055539
1.920686 0.574877
1.664992 -0.265696
0.250154 -0.176995
0.020303 0.358091
1.106330 -0.437776
1.388586 -0.417656
0.981044 0.022103
0.889510 -0.470615
-0.054775 0.409970
-0.057105 1.154841
-0.992139 0.666143
1.895467 0.029428
-1.013385 0.098949
0.412913 -0.341448
-0.459585 0.916264
-0.283694 0.908460
0.257386 0.950077
0.952550 0.306680
-0.218146 0.894438
0.890173 -0.452440
-0.143985 0.948774
-0.718419 0.657533
0.006854 0.362740
1.725239 -0.199581
-0.841382 0.629522
0.145986 0.991451
0.007040 0.943937
0.101412 0.899376
0.440123 -0.400536
-0.387022 0.944660
2.001162 0.241570
0.510796 0.832006
0.973752 -0.522728
1.837952 -0.140410
1.834358 -0.030997
2.010705 0.216054
-0.986169 0.058816
0.348741 -0.203769
-0.143654 1.039900
0.224917 -0.119194
-0.620180 0.731873
-0.630976 0.760204
-0.407805 0.913896
-0.321108 0.883440
1.345664 -0.458667
0.967170 0.449178
-0.947882 0.228672
1.629826 -0.279963
0.484555 0.876366
0.041251 0.282162
-0.790392 0.494648
1.058888 0.296579
1.109349 -0.007384
-0.907825 0.584187
-0.946424 0.424623
-0.198101 0.876795
1.815220 -0.189506
1.165362 -0.489696
0.180890 1.001739
0.499770 0.908160
0.090403 0.065082
1.543951 -0.406970
-0.927312 0.224924
0.392188 -0.312180
-0.382091 0.876798
0.991262 0.306895
-0.873431 0.407138
0.873047 0.513770
-0.088244 0.361570
0.472866 0.929309
-0.765880 0.721686
1.330644 -0.528378
0.718539 -0.565346
-0.453384 0.862720
-0.947103 0.441250
1.831995 0.098596
0.485548 0.856871
-0.964676 0.214611
1.755068 -0.188154
0.434977 0.965119
1.531160 -0.365435
-0.851960 0.245560
1.188144 -0.535377
0.250747 -0.156781
0.236319 -0.041069
0.284214 1.061932
0.893583 0.505116
0.741841 0.646192
0.024327 0.190631
0.719071 0.785115
-0.915891 0.275117
-0.721307 0.568018
1.640218 -0.308258
0.831843 0.720864
0.279807 1.030660
0.736652 -0.511130
-0.438436 0.897767
0.980721 -0.487053
-0.727033 0.643421
-1.010978 0.049629
1.772229 -0.078989
1.976742 0.076012
0.149441 -0.014048
0.050670 0.105837
-0.542953 0.838796
1.893521 0.132507
0.133163 0.004038
0.676517 -0.434558
1.631356 -0.234804
0.077956 0.102939
0.948244 0.449212
1.820585 0.323382
0.552025 -0.364970
1.536942 -0.318090
0.777775 0.641342
0.450012 -0.400772
1.053266 -0.501567
0.596758 -0.359953
0.979855 0.077545
1.443330 -0.465161
0.519090 -0.440469
0.979370 0.150414
0.959406 0.332417
1.027220 0.097331
0.729963 0.650578
0.478671 -0.354498
-0.025584 1.029277
-0.899392 0.389339
2.001715 0.447858
0.101701 0.048493
1.988241 0.479871
0.518691 0.861768
1.994036 0.233539
0.051453 0.394391
0.568891 0.806295
0.479340 -0.389898
-0.512676 0.780395
1.033245 0.278361
-0.528749 0.830712
1.869591 -0.187620
1.961530 0.165658
-0.015169 0.513937
0.945361 0.084745
1.057508 -0.536371
0.843488 0.526620
-0.259783 1.053641
1.827738 0.070990
0.003907 0.446887
0.744475 0.506863
0.132677 0.019564
0.285771 1.003902
-0.909513 0.339017
0.686537 -0.441315
1.565612 -0.408056
2.097871 0.346926
1.126632 -0.506016
-0.704678 0.641169
1.857972 0.007291
0.961742 0.243326
1.005358 -0.490247
0.727660 0.643881
-0.264574 0.995878
2.029239 0.450481
1.247989 -0.413572
0.169217 -0.140233
-1.011884 0.202467
0.309885 -0.124135
0.222754 -0.166932
0.543311 -0.400993
1.602661 -0.375580
0.946532 0.059432
0.323472 -0.316306
0.904421 -0.516649
-0.860088 0.503309
0.373210 0.917294
-0.534298 0.852194
0.046493 1.042597
0.059860 0.266833
1.698070 -0.358440
0.716032 0.656599
-1.085126 0.147565
1.245402 -0.499624
0.842964 -0.475201
0.253559 0.976788
0.308294 -0.361782
-0.177551 0.955575
-0.923066 0.274307
0.143892 1.044602
1.346300 -0.378199
0.735800 0.679792
0.677659 -0.439188
1.604353 -0.244473
1.444957 -0.343598
1.781970 -0.135176
0.637928 0.740734
0.091630 0.321641
-0.934721 0.102996
1.971495 0.331630
-0.289893 0.926340
0.628515 0.783774
-0.982093 0.315176
1.220600 -0.423017
-0.671469 0.829628
1.427464 -0.408189
-0.971744 -0.046137
0.799777 -0.443803
-0.010298 0.425275
0.612341 0.814397
1.912723 0.438563
-0.645489 0.824592
0.310172 -0.267596
-0.898241 0.362423
1.161368 -0.489354
-0.709440 0.697421
1.043660 -0.504281
0.126167 0.025829
0.193160 0.980620
0.922827 0.295409
0.109222 1.043600
0.854444 0.460692
0.293767 0.933270
-0.105937 1.035463
-0.055651 0.955545
