-5.375307 -4.341821
-4.376930 -5.802458
-5.734072 -5.857535
-4.070608 -4.956206
-5.026161 -4.722264
-5.481702 -5.090161
-5.591705 -4.697277
-5.475825 -4.819572
-4.469695 -5.058576
-4.587168 -5.604907
-5.595252 -4.890064
-5.106460 -5.705750
-5.241491 -4.399119
-5.352902 -4.987409
-5.195564 -4.903430
-4.825355 -4.704406
-4.739795 -4.587389
-4.786898 -4.902180
-5.257056 -6.536844
-5.197580 -5.397700
-5.351601 -5.868696
-4.624596 -5.931977
-4.790745 -5.117667
-4.783946 -4.564854
-3.995689 -4.314115
-4.470701 -4.277331
-4.975588 -4.954835
-5.240128 -4.849669
-4.443510 -5.009658
-5.000404 -5.319265
-4.202658 -4.990694
-4.719296 -5.099238
-4.768396 -5.909547
-4.933538 -5.308540
-4.345910 -4.612081
-5.140085 -5.361969
-5.471655 -4.719157
-5.346396 -4.149120
-5.525861 -5.330576
-5.505450 -5.729440
-4.804723 -5.405222
-4.421164 -4.984118
-5.948464 -5.432475
-5.028599 -4.384491
-5.266776 -5.167987
-5.777862 -4.390681
-6.128821 -4.889491
-5.027586 -4.859408
-4.700677 -4.486413
-4.996529 -5.876655
-4.225385 -5.322688
-4.560331 -5.159191
-4.636321 -5.032791
-5.225526 -4.573235
-6.267841 -5.193742
-5.010537 -4.841889
-5.314908 -5.989841
-4.861658 -5.618222
-4.713333 -4.840757
-5.039360 -4.261403
-4.435935 -5.542355
-5.925563 -4.333431
-3.879543 -5.391534
-4.878228 -5.505026
-5.358829 -3.549576
-4.807032 -4.980090
-4.946245 -5.642268
-4.829010 -4.084094
-4.275328 -5.264061
-5.455321 -4.674399
-4.991826 -5.068394
-5.388827 -4.601585
-4.980844 -5.030035
-4.996256 -4.807607
-5.513360 -5.539951
-6.287206 -4.847701
-4.053761 -4.491875
-5.021870 -5.578788
-5.197823 -5.335061
-4.840107 -5.147790
-4.796315 -5.222394
-5.695439 -4.162194
-5.690313 -5.638379
-5.388030 -5.296632
-4.622276 -4.819580
-5.246583 -4.762000
-3.897921 -4.816667
-4.892644 -4.646830
-5.451950 -3.602266
-4.241596 -5.285691
-4.720387 -6.049386
-4.836848 -4.998952
-4.808617 -5.325957
-4.456893 -5.471937
-4.401994 -5.207703
-5.928209 -5.250147
-4.107140 -5.818663
-5.539405 -4.840258
-5.500892 -5.228147
-5.405222 -4.683027
4.480049 7.394184
1.723423 7.857378
6.537116 5.345209
5.764626 3.983508
3.052327 8.416678
4.714503 2.615289
5.840831 5.421126
6.587230 4.011057
3.151755 2.749378
2.804034 6.316448
5.897065 6.672876
5.876643 3.901172
9.654991 4.609745
1.463374 6.633464
4.209317 4.406915
4.512051 5.661274
2.620385 4.115632
4.994251 7.591525
3.272104 3.795951
7.339551 6.184703
5.321134 3.505128
7.080325 4.913396
5.142655 5.154944
5.180168 6.663250
4.382569 0.331862
4.275468 4.868842
5.205479 3.556628
2.283222 6.026400
6.478397 1.630073
4.368288 3.403863
5.565492 4.219172
1.950274 7.283990
5.837555 4.109359
2.917923 2.606292
4.472332 1.142074
8.412251 3.568640
4.860534 4.147776
5.404895 6.807672
-0.319838 6.389596
4.740657 7.162028
5.800128 1.884866
2.539184 7.398601
6.636477 4.441122
6.315895 3.770519
6.970353 4.436748
3.431726 5.330312
4.507593 5.998667
4.119827 4.798572
10.011019 6.886640
4.409311 5.348158
2.731832 7.978216
4.665482 7.109441
6.964739 6.703379
6.695004 6.979369
9.020056 5.860816
5.992828 1.061435
3.799075 2.590047
5.618855 6.439572
6.129260 2.290287
7.472625 6.237153
4.990260 2.722754
5.265674 5.969553
7.231700 3.427174
4.265615 3.454665
5.692872 4.728259
4.883305 3.746333
6.800587 6.948719
6.552313 1.787238
5.728565 6.376652
5.110873 5.933319
7.334423 6.400127
7.217332 8.533020
7.256725 5.901184
5.899338 5.683911
6.726473 5.574153
6.343371 4.681405
4.586414 6.288944
4.491908 3.674581
4.830041 5.841121
4.041705 8.367565
4.966626 3.153934
10.473934 4.404923
8.767934 6.430537
5.981828 3.678457
5.376213 3.500578
6.550672 4.804941
5.127364 9.515686
3.068735 2.579765
4.142779 6.226218
8.431920 4.200096
6.874372 3.672117
5.026406 1.367322
2.244046 6.881737
7.217696 7.004690
5.932775 -0.384201
3.622797 2.115708
5.066359 4.583231
6.940538 8.231478
7.300880 5.816723
8.371827 4.383486
7.072917 3.810033
5.727543 7.109661
5.876627 3.587799
5.433963 7.023230
6.932701 10.322741
6.482674 5.968764
1.874515 4.302043
2.710496 8.391401
4.705804 2.552893
5.277193 5.131223
6.382545 5.959445
6.268435 4.964882
5.720369 1.564980
1.870422 4.514047
4.455258 2.147949
7.383660 5.241628
4.196352 5.682070
6.624366 1.652381
6.637128 5.487034
6.404751 6.433275
2.890690 7.510857
6.957757 7.913735
3.117394 6.195258
3.458635 2.870283
7.664504 3.729973
6.012527 4.747025
6.969660 4.182739
5.903945 6.718849
-0.704029 4.705718
2.532483 8.224528
6.629290 5.226281
6.791630 5.789048
3.764843 8.135706
8.694446 7.088335
7.141846 5.117554
4.205038 6.851416
3.745688 4.951518
4.417343 3.086533
6.190347 4.888488
4.777232 8.381623
3.907000 2.928385
3.561252 5.844395
7.650314 5.297256
2.908244 1.492291
4.232024 7.878369
5.722167 3.241741
5.549474 3.642578
4.519559 6.631610
6.822726 5.831006
3.470153 6.162509
-0.069992 7.283021
-0.991927 7.687553
0.122562 7.933699
-3.016230 7.629708
1.869795 6.727814
1.049376 8.798933
0.210258 9.601899
-0.788006 8.003370
-0.060443 8.738095
0.918001 11.054827
-0.141633 8.925157
1.696851 8.140867
0.188769 9.616674
-1.027175 9.040158
-0.641171 8.016435
-0.080775 9.662128
-0.906959 6.000741
-0.358959 6.998278
0.295209 8.871893
0.617895 6.793050
-1.420696 8.619228
-1.045718 6.568174
1.656194 7.751826
0.328953 8.413245
0.207957 8.166513
0.420575 7.421915
0.208117 7.411756
0.837520 8.100288
0.040207 8.436174
1.183637 9.016221
0.600248 7.776452
1.458381 7.240729
-0.617439 9.697355
-0.843912 8.568964
0.357867 7.899694
-0.440810 7.628021
-0.906882 6.776890
-1.809470 7.963722
1.225221 6.427693
0.426330 8.239951
1.070328 8.871975
0.678095 7.239107
0.140636 7.747169
-1.081866 8.508998
-0.784253 8.994387
0.504198 6.702068
1.244327 8.208945
0.109251 5.504505
-0.656624 7.198983
-0.788685 6.875303
-1.294246 9.282662
-0.633662 5.782389
-0.843587 7.202012
-0.353209 7.847069
0.121359 7.375683
0.053096 10.996104
-0.840940 6.336978
0.975898 7.597610
-0.828198 6.715895
1.180510 6.950227
1.924959 9.639268
1.012715 7.595321
2.910544 6.727600
-0.001745 6.880422
0.279463 8.291892
0.810377 7.792005
0.670945 7.678270
0.284409 7.200391
0.801657 8.653422
-0.508817 8.043946
-0.920189 9.649264
2.252526 8.382449
1.659118 8.619412
0.110113 7.053658
0.610595 6.951076
-0.026215 8.596996
-0.642988 6.927814
-0.664443 8.496410
-0.146611 8.793158
1.807208 7.255203
1.025676 8.310557
-0.450976 7.455817
-1.075585 7.994195
-1.604719 5.800331
-0.932365 8.009223
-0.479533 7.190792
-0.420874 8.796345
-1.065342 8.076109
0.012530 6.747506
0.809850 7.410139
2.120259 7.368023
-0.122682 10.137691
1.010339 7.866644
-2.326705 9.244568
-1.287909 8.508390
-0.013037 8.175359
-0.205630 7.518046
-0.440216 7.900641
-0.955019 7.496258
0.911520 6.485797
1.066936 8.702706
2.839001 8.767112
0.136714 8.546260
-1.873116 8.648099
-0.791467 9.548323
-0.270767 8.227807
-1.010068 7.587635
-0.319235 8.573006
1.015667 7.502594
-1.626990 6.430549
0.931612 8.625803
0.198283 7.973748
0.088999 7.823112
1.054685 7.993051
-0.918761 7.387908
-1.778135 8.752401
-0.702581 7.705860
-1.076864 7.407745
0.685077 8.076025
0.218090 9.171581
